0 cm
0.118160 0.120489 0.119713 0.118936 0.116607 0.120489 0.119713 0.115053 0.120489 0.120489 0.117383 0.119713 0.119713 0.119713 0.118160 0.122042 0.118160 0.121266 0.118936 0.118160 
10 cm
0.218936 0.230354 0.234038 0.230354 0.232196 0.226671 0.232196 0.213781 0.215622 0.215622 0.228513 0.232196 0.230354 0.226671 0.228513 0.230354 0.228513 0.232196 0.215622 0.215622 
20 cm
0.315622 0.319946 0.329863 0.319946 0.314988 0.329863 0.329863 0.329863 0.329863 0.329863 0.319946 0.319946 0.329863 0.314988 0.319946 0.329863 0.329863 0.305072 0.329863 0.324904 
30 cm
0.424904 0.435502 0.441948 0.468807 0.409721 0.458064 0.435502 0.441948 0.441948 0.479549 0.435502 0.441948 0.441948 0.448393 0.448393 0.441948 0.441948 0.441948 0.441948 0.429057 
40 cm
0.529057 0.441948 0.599783 0.490291 0.655459 0.386264 0.490291 0.416166 0.621412 0.409721 0.490291 0.671572 0.535328 0.535328 0.458064 1.600000 0.468807 1.600000 0.429057 0.503101 
