0 cm
0.121266 0.125149 0.119713 0.121266 0.123596 0.121266 0.122819 0.126702 0.120489 0.122819 0.125149 0.120489 0.122042 0.122819 0.121266 0.125149 0.121266 0.122042 0.123596 0.119713 
10 cm
0.120489 0.234038 0.221147 0.234038 0.221147 0.222988 0.222988 0.217464 0.222988 0.234038 0.232196 0.235879 0.234038 0.230354 0.232196 0.219305 0.226671 0.217464 0.217464 0.221147 
20 cm
0.237721 0.329863 0.334821 0.329863 0.334821 0.329863 0.329863 0.329863 0.329863 0.324904 0.329863 0.329863 0.334821 0.324904 0.329863 0.329863 0.329863 0.329863 0.329863 0.329863 
30 cm
0.319946 0.479549 0.422612 0.458064 0.435502 0.435502 0.458064 0.422612 0.441948 0.441948 0.441948 0.429057 0.429057 0.441948 0.422612 0.422612 0.435502 0.435502 0.441948 0.441948 
40 cm
0.429057 0.490291 0.429057 0.503101 0.599783 0.490291 0.441948 0.395471 0.610670 0.599783 0.435502 0.429057 0.409721 0.621412 0.599783 0.610670 0.632155 0.468807 0.671572 0.567555 
