225 centimeters
 inf  inf  1750.000000  inf  221.875000  197.222222  221.875000  221.875000  221.875000  221.875000 
200 centimeters
 221.875000  221.875000  221.875000  221.875000  151.923077  200.000000  164.583333  179.545455  179.545455  164.583333 
175 centimeters
 151.923077  151.923077  164.583333  164.583333  176.923077  150.000000  162.500000  150.000000  150.000000  151.666667 
150 centimeters
 176.923077  176.923077  151.666667  162.500000  138.157895  138.157895  145.833333  145.833333  145.833333  155.882353 
125 centimeters
 138.157895  145.833333  155.882353  145.833333  124.000000  124.000000  118.269231  118.269231  118.269231  118.269231 
100 centimeters
 124.000000  118.269231  118.269231  118.269231  95.512821  95.512821  95.512821  95.512821  95.512821  95.512821 
75 centimeters
 98.026316  95.512821  95.512821  95.512821  74.603175  74.603175  73.437500  73.437500  75.806452  74.603175 
