225 centimeters
 1100.000000  2200.000000  inf  2200.000000  200.000000  202.272727  222.500000  222.500000  222.500000  202.272727 
200 centimeters
 250.000000  278.125000  200.000000  247.222222  206.250000  250.000000  190.384615  190.384615  206.250000  250.000000 
175 centimeters
 225.000000  186.538462  225.000000  222.727273  213.461538  211.538462  233.333333  233.333333  252.272727  183.333333 
150 centimeters
 196.428571  196.428571  196.428571  181.666667  163.157895  153.750000  163.157895  163.157895  145.238095  173.611111 
125 centimeters
 172.222222  163.157895  172.222222  163.157895  143.000000  143.000000  143.000000  143.000000  143.000000  143.000000 
100 centimeters
 136.538462  143.000000  136.538462  143.000000  127.272727  123.529412  127.272727  123.529412  123.529412  123.529412 
75 centimeters
 127.272727  123.529412  123.529412  123.529412  98.529412  101.000000  98.529412  103.061224  103.061224  103.061224 
