250 centimeters
 282.067167 282.067167 278.094390 282.067167 282.067167 278.094390 278.094390 282.067167 278.094390 282.067167
225 centimeters
 278.094390 278.094390 282.067167 282.067167 259.798707 256.424698 256.424698 256.424698 256.424698 256.424698
200 centimeters
 253.137202 253.137202 256.424698 253.137202 229.589555 229.589555 226.950595 229.589555 226.950595 226.950595
175 centimeters
 226.950595 226.950595 226.950595 224.371611 201.476548 201.476548 201.476548 201.476548 201.476548 199.441432
150 centimeters
 199.441432 199.441432 199.441432 199.441432 176.291980 176.291980 174.731874 174.731874 174.731874 173.199138
125 centimeters
 144.121910 146.257050 145.181630 145.181630 146.257050 145.181630 145.181630 146.257050 145.181630 145.181630
100 centimeters
 146.257050 146.257050 145.181630 145.181630 127.385172 126.568601 126.568601 126.568601 126.568601 125.762431
75 centimeters
 125.762431 124.966467 124.966467 123.404386 102.304154 101.776813 101.254881 100.738274 100.226912 100.226912
