225 centimeters
 1750.000000  1750.000000  -1775.000000  inf  291.666667  295.833333  295.833333  250.000000  295.833333  250.000000 
200 centimeters
 253.571429  253.571429  250.000000  218.750000  190.000000  213.888889  192.500000  213.888889  192.500000  192.500000 
175 centimeters
 216.666667  216.666667  192.500000  195.000000  179.166667  179.166667  197.727273  179.166667  197.727273  181.250000 
150 centimeters
 181.250000  181.250000  181.250000  200.000000  175.000000  175.000000  163.333333  163.333333  163.333333  165.000000 
125 centimeters
 65.131579  68.750000  66.891892  66.891892  121.739130  116.666667  122.826087  128.409091  122.826087  129.545455 
100 centimeters
 -1712.500000  inf  inf  inf  168.750000  170.000000  170.000000  160.714286  170.000000  161.904762 
75 centimeters
 153.409091  146.739130  154.545455  141.666667  101.973684  102.631579  100.000000  97.500000  95.121951  98.125000 
